0.43
0.38
0.69
0.74
0.97
0.99
0.73
0.27
0.60
0.81
0.09
0.67
0.99
0.03
0.17
0.71
0.15
0.34
0.93
0.62
0.52
0.97
0.77
0.71
0.32
0.99
0.45
0.65
0.48
0.79
0.98
0.46
0.76
0.28
0.91
0.64
0.10
0.79
0.42
0.88
0.78
0.07
0.65
0.65
0.28
0.50
0.18
0.03
0.04
0.46
0.44
0.18
0.14
0.50
0.39
0.66
0.82
0.49
0.46
0.74
0.21
0.49
0.25
0.54
0.56
0.01
0.96
0.69
0.04
0.06
0.12
0.47
0.37
0.13
0.73
0.24
0.43
0.85
0.91
0.11
0.64
0.22
0.99
0.87
0.93
0.81
0.57
0.37
0.97
0.92
0.76
0.47
0.20
0.50
0.24
0.94
0.94
0.50
0.26
0.87
